	START intro.wav
0.796	91
4.499	82
5.609	78
6.718	82
7.452	81
8.562	77
9.671	73
10.781	75
11.531	81
12.64	78
13.75	75
14.484	72
15.594	74
16.703	73
17.453	71
18.562	71
19.672	71
20.781	73
21.516	73
22.625	68
23.735	66
27.438	70
28.922	66
29.657	66
30.766	68
31.501	70
32.61	70
34.469	68
35.579	72
36.688	72
37.423	69
38.532	67
39.642	66
40.751	72	END intro.wav	START creature_growling_1.wav
42.602	81
43.712	75
44.462	67
45.571	66
46.681	72
47.415	76
48.524	77
49.634	72	END creature_growling_1.wav
50.743	68
51.492	4
52.593	71	START creature_growling.wav
53.71	74
54.444	71
55.554	70
56.663	70
57.398	70
58.523	70
59.632	5
60.741	72
61.476	68
62.585	65
63.695	64
64.429	70
65.539	75
67.398	70	END creature_growling.wav
68.506	68
69.622	69
70.723	71
71.465	68	START birds_startle_flap.wav
73.686	69
74.42	76
75.53	76
76.639	69
77.749	69	END birds_startle_flap.wav
78.499	67
79.606	70
82.563	75
83.679	65	START manticore.wav
85.52	66
86.629	74
87.739	72
88.489	66
89.598	64
90.708	66
91.442	70	END manticore.wav
92.551	71
93.659	67
94.4	66
95.516	69
97.733	72	START crows.wav
98.478	70
99.587	66
100.697	66	END crows.wav
101.429	72
102.545	76	START dog_growling_1.wav
104.388	74
105.498	66	END dog_growling_1.wav
106.615	69
109.572	69	START dog_barking_2.wav
111.425	70	END dog_barking_2.wav
112.534	72
113.657	68
114.382	62
115.499	63	START dog_barking_3.wav
116.6	65	END dog_barking_3.wav
117.709	68
118.452	73
119.568	69
120.668	67
121.409	66	START shotgun.wav
122.529	68
123.638	73	END shotgun.wav
124.373	69
125.48	65
126.596	65
127.696	65	START panic_scare.wav
128.441	69
129.551	76
130.66	71
134.364	67
135.473	70	END panic_scare.wav
136.582	75
137.69	74
138.431	71
139.547	69	START noise_panicscare.wav
140.656	76
141.39	81
142.5	77
143.609	69	END noise_panicscare.wav
146.563	69
147.679	74
148.421	73
149.537	76
150.637	82	START monster_scream.wav
151.383	79
152.492	71
153.602	67
155.446	70
158.415	72	END monster_scream.wav
159.524	69
160.631	79
161.373	81	START effect_crows_slowed.wav
165.443	68
166.552	72
167.661	71
168.396	69
171.365	73
172.474	70
173.584	67
174.693	66
175.427	69
176.537	76
177.646	75	END effect_crows_slowed.wav
178.394	71
180.611	72
181.352	73	START noise_girl_long.wav
182.456	71
183.566	70
184.675	74
185.425	80
186.534	81
187.644	86
188.378	84
189.488	77
190.597	77
192.457	84
193.566	75
194.675	71
195.41	75
196.519	79
197.629	78
201.332	71
202.441	73
203.551	70
204.66	67
205.395	70
206.504	72
208.364	71
209.473	73
210.582	76
211.317	75
212.426	70
213.536	67
214.645	68
215.395	76
216.505	79
217.614	75
218.348	67
219.458	64	END noise_girl_long.wav
220.567	68
221.315	69
222.416	69
223.532	68
225.374	74