
0.172	74	START intro.wav
0.903	78
2.012	76
3.871	67
4.981	69
6.09	68
6.825	65
7.934	65
9.044	68
10.153	71
10.903	66
12.012	70
13.122	70
13.856	66
14.966	64
16.075	64
20.153	64
20.888	73
21.997	74
23.107	75
23.841	77
27.919	69
29.029	59
30.138	64
30.873	64
31.982	62
33.092	63
33.842	67
34.951	65
36.06	64
37.17	68
37.904	66
39.014	62
40.123	59
40.873	59	END intro.wav	START dog_in_destance.wav
41.976	64	END dog_in_destance.wav
43.086	69
43.829	65
44.929	1
46.044	63
47.16	66
47.901	63	START dog_barking_1.wav
49.011	63	END dog_barking_1.wav
50.12	63
50.863	63
51.975	63
53.076	63	START shotgun.wav
53.81	67	END shotgun.wav
56.032	72
57.147	66
57.888	69
60.103	68
60.844	66	START creature_growling.wav
63.808	68
64.918	66
66.027	69
67.137	70
67.871	66
68.981	66
70.09	68
70.84	66
71.949	62
73.059	65
73.793	72
74.903	70	END creature_growling.wav
76.012	69
77.129	69
77.869	68
80.084	62	START panic_scare.wav
80.824	63
81.933	67
83.043	63
87.121	65
87.856	62	END panic_scare.wav
90.073	61
90.813	63
91.927	60	START birds_startle_flap.wav
93.771	62
94.881	63
95.99	62
97.1	63	END birds_startle_flap.wav
98.951	65
100.066	63
100.806	65
103.021	67	START dogs_stretched_howl.wav
104.871	63
105.98	70
107.089	67
107.839	65
108.949	69
110.058	65
110.793	62	END dogs_stretched_howl.wav
111.902	62
113.019	66
114.119	66
114.859	63
115.97	61
117.085	64	START manticore.wav
117.819	68
118.929	62
120.038	61
120.788	63
121.898	69
123.007	66
124.117	64
124.851	64	END manticore.wav
125.96	68
127.078	67
127.818	67
128.927	68	START dog_growling_1.wav
130.037	67
130.771	66	END dog_growling_1.wav
131.888	65
132.987	68
134.102	71
134.842	68
135.957	68	START noise_suspense_1.wav
137.806	69
138.916	67
140.025	66
140.76	70	END noise_suspense_1.wav
141.877	69
144.094	66
144.834	71	START monster_scream.wav
147.795	67
148.905	66
150.014	70
150.748	68
151.858	66
152.967	64
154.077	66	END monster_scream.wav
154.827	69
155.929	66
157.044	66	START noise_drone_mid.wav
157.784	69
158.893	68
160.003	70
160.737	73
161.847	68
162.956	67
164.816	67
165.925	69
167.034	66
167.769	65
168.878	65
169.988	71
170.738	71
171.847	65
172.957	62
174.066	63
174.8	69
175.91	68
177.019	64
180.723	64	END noise_drone_mid.wav
181.832	73
182.935	67
184.053	64
184.793	63
187.007	65	START dog_barking_3.wav
187.747	63	END dog_barking_3.wav
188.856	64
189.974	62
190.714	66
192.928	70	START noise_baaly_mid.wav
194.043	67
194.777	70
195.887	73
196.996	67
197.746	68
198.856	72
199.965	69
201.075	70
201.809	68
202.918	69
204.028	66
206.997	65
207.731	66
208.841	65	END noise_baaly_mid.wav
209.95	68
212.906	68
214.021	64
214.761	67