	START intro.wav
0.5	66
1.595	59
2.329	59
3.439	63
4.548	57
5.298	57
6.408	62
7.517	60
8.252	58
9.361	57
10.47	54
11.58	54
15.283	56
16.393	53
17.502	54
18.236	53
19.346	61
20.455	64
22.315	52
23.424	56
24.534	59
25.268	54
26.377	53
27.487	53
28.237	56
29.346	59
30.456	55
31.565	62
32.3	62
33.409	56
34.518	54
35.253	54
36.362	54
37.847	58
38.222	54
39.331	63
40.441	67	END intro.wav	START noise_suspense_1.wav
41.552	60
42.286	55
43.396	61	END noise_suspense_1.wav
46.052	58
46.052	53
46.365	57
47.473	60
48.575	54
50.43	55	START shotgun.wav	END shotgun.wav
53.382	55
54.499	52
55.241	62
57.461	60
58.564	58	START effect_crows_slowed.wav
59.314	67
60.424	58
61.533	55
62.268	64
63.377	57
64.487	57
66.346	57
67.455	55
68.565	53
69.299	60
71.643	59
71.643	53	END effect_crows_slowed.wav
75.218	57
76.335	66
77.436	63
78.553	58
79.294	66	START creature_growling_1.wav
80.403	68
81.513	57
82.247	60
83.356	64
84.466	54
86.325	58
87.435	57
88.544	55	END creature_growling_1.wav
89.277	61
90.393	66
91.493	60
92.235	53	START noise_girl_mid.wav
93.415	58
94.458	57
95.193	2
96.302	2
97.411	2
98.521	2
99.271	56
100.38	58
101.49	59
102.224	55
103.334	55
104.818	52
105.193	58
106.302	56
107.412	54
108.521	58
109.256	58
110.365	63
111.475	56	END noise_girl_mid.wav
112.225	59
113.333	64
114.434	57
115.175	56
116.292	62	START dog_barking_3.wav
117.403	55
118.513	53	END dog_barking_3.wav
119.239	60
120.356	57
122.214	56
123.316	61
124.433	54	START dog_in_destance.wav
125.542	54	END dog_in_destance.wav
126.277	62
127.39	60
129.234	54
130.35	60	START dogs_stretched_howl.wav
131.456	60
132.565	52
135.534	57
136.268	53
137.378	60	END dogs_stretched_howl.wav
138.485	57
139.228	53
141.445	58	START noise_girl_long.wav
142.187	53
143.296	57
144.406	61
145.515	55
149.218	58
150.328	53
151.437	60
152.172	61
153.281	55
154.391	55
155.5	56
156.25	63
157.359	63
158.469	55
159.203	51
160.313	57
161.422	60
162.172	53
163.282	52
164.391	61
165.5	60
166.235	54
167.344	53
168.454	59
172.157	56
173.266	61
174.376	55
175.485	55
179.189	57	END noise_girl_long.wav
180.298	55
181.407	65
183.253	58
184.363	59	START birds_startle_flap.wav
185.479	67
186.214	62
187.323	55
188.433	60	END birds_startle_flap.wav
191.399	56
193.244	58	START noise_drone_mid.wav
194.358	55
195.468	61
196.202	55
197.312	53
198.421	61
199.53	64
200.281	55
201.39	53
202.124	61
203.234	61
204.343	56
205.453	54
209.156	59
210.265	64
211.375	68
213.219	59
216.188	62
217.297	57	END noise_drone_mid.wav
218.42	64
219.146	69
220.259	63
221.359	59
222.475	66	START crows.wav
223.219	68
224.328	61	END crows.wav
226.625	57
226.625	64
227.282	64
228.392	55
229.133	55
230.25	62	START dog_barking_1.wav
231.352	60	END dog_barking_1.wav
232.462	56
233.21	56
234.311	64
235.427	66
236.168	58
237.268	55	START panic_scare.wav
238.384	61
239.119	62
240.228	57
241.337	64
243.197	59
244.306	58
245.416	66	END panic_scare.wav
246.529	69
248.371	62
249.112	69