	START intro.wav
0.807	84
1.917	88
3.026	86
3.761	89
4.87	78
5.979	69
8.948	68
9.683	63
10.792	66
11.902	72
13.011	64
13.745	57
14.855	57
15.964	57
16.714	64
17.824	60
18.933	72
19.668	59
20.777	56
21.886	70
22.996	72
23.746	60
24.855	55
25.965	52
26.699	64
27.809	71
28.918	52
30.778	49
31.887	57
32.996	71
33.731	57
34.84	57
35.95	53
39.653	75	END intro.wav
40.762	75	START panic_scare.wav
41.868	62
42.977	70
44.837	65
45.946	66
46.681	58
47.79	65	END panic_scare.wav
48.9	66
51.857	68	START noise_suspense_1.wav
52.974	68
53.708	50
54.817	51
55.927	71	END noise_suspense_1.wav
56.669	66
57.785	53
58.894	68
59.996	58
60.736	58	START creature_growling.wav
63.905	58
63.905	58
64.811	59
65.921	59
66.655	59
67.765	64
68.874	64
70.734	55
71.843	68
72.952	68
73.687	50
74.796	49	END creature_growling.wav
75.906	56
76.649	71
77.764	71	START dog_barking_3.wav
78.864	46	END dog_barking_3.wav
79.973	48
80.715	54
81.83	66
82.945	56
83.685	49	START birds_startle_flap.wav
84.785	60
85.895	57
86.645	57
87.754	66
88.864	63	END birds_startle_flap.wav
89.965	50
90.705	50
91.82	53
92.935	66
93.675	55
94.774	64	START noise_baaly_mid.wav
95.883	75
96.633	73
97.743	63
98.852	67
99.962	50
100.696	51
101.806	62
102.915	68
103.665	58
104.774	63
105.884	69
106.618	52
107.728	57
108.837	68
109.947	58	END noise_baaly_mid.wav
112.167	61
112.907	56
114.756	61
115.871	74	START noise_girl_long.wav
116.604	73
117.714	51
118.823	53
119.932	68
120.682	60
121.792	55
122.901	69
123.636	69
124.745	57
125.855	52
127.714	68
128.823	56
129.933	59
130.667	70
131.777	68
132.886	53
137.699	61
138.808	65
139.918	61
140.652	61
141.762	69
143.621	63
144.73	51
145.84	61
146.949	71
147.684	65
148.793	54
149.903	57
150.653	69
151.762	73
152.871	62
153.606	71	END noise_girl_long.wav
155.824	56
156.938	61
157.678	69	START creature_growling_1.wav
160.639	56
161.748	75
163.233	72
163.592	48
164.702	58
165.811	52
166.92	52	END creature_growling_1.wav
167.671	50
168.772	66
169.888	62
170.628	70	START crows.wav
171.737	70
172.847	53
173.581	57	END crows.wav
174.699	70	START dog_barking_1.wav
176.913	62	END dog_barking_1.wav
178.772	61
179.873	58
180.613	57
181.728	57	START shotgun.wav
184.683	64
185.793	58	END shotgun.wav
186.91	69
187.65	62
189.864	60	START dog_barking_2.wav
190.603	67
191.713	58	END dog_barking_2.wav
192.822	67
193.564	71
194.679	57
196.899	66
197.639	64	START manticore.wav
198.74	69
200.599	67
201.709	62
202.818	66
203.552	59
204.662	68
205.771	60	END manticore.wav
206.881	58
207.623	68
208.738	74
211.692	63	START noise_girl_mid.wav
212.808	65
214.652	55
215.761	66
216.87	64
217.62	61
218.73	68
219.839	69
220.574	61
221.683	68
222.792	58
223.902	57
226.871	68
227.605	57
228.715	61
229.824	60
230.558	52	END noise_girl_mid.wav
231.676	59
232.79	65
233.889	62
235.004	64
235.744	68
236.859	60