	START intro.wav
2.342	90
3.452	73
4.561	72
5.296	73
6.405	71
7.515	75
8.265	75
9.374	76
10.483	76
11.593	72
12.327	70
13.437	67
14.546	71
18.249	75
19.359	79
20.468	75
21.578	73
22.312	68
23.422	70
24.531	2
25.281	73
26.39	75
27.5	78
28.234	76
29.344	78
30.453	76
31.563	70
32.313	69
33.422	72
34.531	77
35.266	89
36.375	73
37.485	72
40.454	72	END intro.wav	START noise_drone_mid.wav
41.561	71
42.295	71
43.405	73
44.514	71
47.483	75
48.217	85
49.327	74
50.436	69
51.546	65
55.252	68
56.362	71
57.471	79
58.206	84
59.315	81
60.424	73
61.534	73
64.503	76	END noise_drone_mid.wav
65.237	82
66.34	85
67.456	89
68.196	86	START crows.wav
69.305	74
70.415	75	END crows.wav
71.532	75
72.267	82
73.382	90
74.482	92
75.223	74
76.338	74	START noise_suspense_1.wav
77.447	81
79.291	81
80.4	74	END noise_suspense_1.wav
81.521	81
82.261	93
83.361	70
84.476	68
85.215	71	START birds_startle_flap.wav
86.325	80
87.434	93
88.544	81
89.278	4
90.388	4	END birds_startle_flap.wav
91.505	76
92.245	71
93.36	76
94.46	82
95.2	74
96.315	71	START noise_panicscare.wav
97.424	70
98.533	70
102.237	83	END noise_panicscare.wav
104.459	74
105.199	67	START noise_girl_mid.wav
106.303	65
107.412	69
108.522	75
111.491	73
112.225	73
113.335	78
114.444	76
115.178	69
119.257	71
120.366	73
121.476	74
122.21	75
123.319	71	END noise_girl_mid.wav
124.429	70
125.171	69
126.286	71	START creature_growling.wav
132.206	73
133.316	81
134.425	70
135.159	70
136.269	72
137.378	76
138.488	84
139.238	81
140.347	68
141.457	69
142.191	70
143.3	71	END creature_growling.wav
144.408	77
145.148	82
146.263	66
147.377	66	START monster_scream.wav
152.185	74
153.295	67
154.404	71
155.139	71
156.248	71	END monster_scream.wav
157.358	79
158.475	75
159.214	69
161.429	69
162.169	73
163.284	80	START panic_scare.wav
164.393	76
166.237	70
167.347	70
169.206	80
170.316	82	END panic_scare.wav
171.425	72
172.161	70
173.276	75
175.491	74
176.231	82	START effect_crows_slowed.wav
179.194	75
180.304	69
181.413	71
182.147	75
183.257	88
184.366	95
185.476	95
186.226	77
187.335	72
188.445	71
189.179	77
190.288	89
191.398	84	END effect_crows_slowed.wav
192.148	67
193.25	68
194.365	71
195.48	69	START noise_baaly_mid.wav
199.173	78
200.283	66
201.392	67
202.127	72
203.236	79
204.345	84
205.455	84
206.205	92
207.314	70
208.424	71
209.158	74
210.268	76
211.377	76	END noise_baaly_mid.wav
212.127	84
213.229	94
214.346	91
215.446	84	START noise_girl_long.wav
216.195	74
217.305	80
218.414	92
219.148	95
220.258	88
221.367	76
222.117	76
223.227	75
224.336	96
225.446	100
226.18	100
227.289	81
228.399	70
232.102	78
233.212	82
234.321	78
235.431	71
236.165	72
237.274	73
239.134	84
240.243	80
241.353	71
242.087	71
243.196	70
244.306	76
245.415	78
246.165	71
247.275	73
248.384	76
249.119	81
250.228	76
251.338	69	END noise_girl_long.wav
255.409	69
256.149	75
257.264	82
258.364	79
259.104	76	START dog_in_destance.wav
260.219	70	END dog_in_destance.wav
261.329	69
262.446	73
263.186	74
264.285	73
265.401	73
266.141	76	START dog_barking_2.wav
267.249	76
268.359	76	END dog_barking_2.wav
269.093	71
270.211	72
272.428	76
273.168	78
274.283	75