
0.172	93	START intro.wav
0.915	90
2.025	81
3.134	75
4.244	72
4.978	73
6.087	70
7.197	66
7.931	66
10.9	64
12.01	62
13.119	64
14.228	68
14.963	66
17.932	65
19.041	73
20.151	69
20.885	67
21.994	71
23.104	67
24.213	66
24.963	71
26.073	74
27.182	70
27.917	68
29.026	70
30.135	65
31.995	63
33.104	69
34.214	68
34.948	63
36.058	61
37.167	67
40.87	67	END intro.wav	START noise_baaly_mid.wav
41.977	71
43.086	67
44.196	61
47.899	62
49.009	64
50.118	62
50.852	62
51.962	66
54.931	65
56.04	69	END noise_baaly_mid.wav
57.144	65
57.885	66
59.001	73	START effect_crows_slowed.wav
61.962	67
63.072	70
64.181	66
64.916	64
66.025	69
67.135	75
67.885	1
68.994	1
70.103	69
71.213	74
71.947	70
73.057	68
74.166	76	END effect_crows_slowed.wav
77.863	71
81.201	70
81.941	73	START dog_barking_2.wav
83.051	78
84.16	70	END dog_barking_2.wav
84.894	64
86.012	63
87.111	64
87.851	63
88.966	63	START dog_in_destance.wav
90.076	69
91.185	70	END dog_in_destance.wav
91.932	66
93.032	64
94.147	70
94.887	73	START creature_growling_1.wav
96.002	69
97.111	64
97.845	67
98.955	68
100.064	65
101.174	63
102.986	64	END creature_growling_1.wav
104.877	68
107.83	72
108.945	68	START noise_panicscare.wav
110.054	69
111.164	72
114.867	69	END noise_panicscare.wav
117.82	70	START crows.wav
118.93	74
120.04	70	END crows.wav
121.149	69
121.892	74
123.008	79
124.858	70	START noise_drone_mid.wav
127.217	75
127.217	70
127.81	65
128.919	61
131.888	66
132.998	60
134.107	63
134.841	67
137.341	67
137.341	65
137.81	66
138.92	70
140.029	76
141.139	70
141.873	66
142.982	68
144.092	72
147.061	70
148.17	77
148.905	69
150.014	66	END noise_drone_mid.wav
151.123	72
151.866	73
152.98	65
154.08	62
154.819	66
155.935	69	START birds_startle_flap.wav
157.05	67
158.159	65
158.894	66
160.003	72
161.112	70	END birds_startle_flap.wav
162.958	74
164.069	77
164.815	67
165.93	68	START creature_growling.wav
167.025	79
169.228	81
169.228	73
169.993	68
171.103	72
171.837	73
174.806	69
175.916	75
177.025	75
178.134	72
178.869	75
179.978	81	END creature_growling.wav
181.088	71
182.942	68
184.051	75	START dog_growling_1.wav
184.791	73
185.9	69	END dog_growling_1.wav
187.01	74
188.126	76
191.826	73	START shotgun.wav
192.927	73	END shotgun.wav
194.036	4
194.786	71
195.9	4
196.999	71
198.114	74
198.848	71	START dogs_stretched_howl.wav
199.957	72
201.066	72
201.816	76
202.926	70
204.035	66
204.77	69
205.879	64	END dogs_stretched_howl.wav
206.988	63
208.105	65
208.839	71
209.948	75
211.057	72	START dog_barking_1.wav
211.799	72
212.908	75	END dog_barking_1.wav
214.019	71
214.76	69
215.87	65