	START intro.wav
0.421	74
1.533	59
2.642	60
3.752	58
7.455	63
8.564	55
9.674	56
10.408	56
11.518	53
12.627	59
13.737	54
14.487	56
15.596	56
16.705	54
17.44	56
18.549	52
19.659	60
22.628	54
23.737	57
24.471	57
25.581	53
26.69	60
27.425	53
30.394	53
31.503	52
32.612	56
33.722	55
34.456	53
35.566	56
36.675	56
37.425	53
38.535	58
39.644	53
40.378	56	END intro.wav	START dog_barking_2.wav
41.485	52	END dog_barking_2.wav
44.447	56
45.562	57	START manticore.wav
49.637	56
50.371	57
51.481	56
52.59	56
53.699	55	END manticore.wav
56.662	54
57.402	55
59.617	55
60.357	58	START crows.wav
61.474	54
62.583	60	END crows.wav
63.693	67
64.435	61
65.535	56
66.65	53
67.394	59	START noise_girl_mid.wav
68.498	55
69.607	60
73.685	55
74.42	52
75.529	60
76.639	53
77.373	57
80.342	54
81.451	55
82.561	55
83.67	53
84.405	58
85.514	58	END noise_girl_mid.wav
86.624	54
88.476	57
89.591	55	START creature_growling.wav
94.4	56
95.51	53
96.619	57
97.354	55
98.463	55
99.573	59
101.432	56
102.541	55
103.651	55
104.385	51	END creature_growling.wav
105.495	54
106.612	55
107.352	52
109.568	55	START dog_barking_1.wav
110.683	54
111.417	57	END dog_barking_1.wav
112.529	60
113.644	57
114.379	56
115.494	54
116.593	59
117.333	54	START birds_startle_flap.wav
118.443	59
121.412	58
122.521	62	END birds_startle_flap.wav
124.362	55
125.477	55
126.592	57
127.332	56
128.432	57	START noise_panicscare.wav
129.541	56
131.401	57
132.51	54
133.62	58
134.354	56	END noise_panicscare.wav
135.471	57
138.425	57
139.54	64	START monster_scream.wav
141.389	68
142.498	67
143.608	54
144.342	56
145.452	55
146.561	54
147.311	60
148.42	58	END monster_scream.wav
149.522	61
150.637	65
151.377	56
152.492	60	START noise_baaly_mid.wav
153.595	61
157.298	58
158.407	58
159.517	56
160.626	57
161.361	57
162.486	1
163.579	1
164.33	56
165.798	2
166.548	56
167.658	59
168.392	54	END noise_baaly_mid.wav
169.51	62
170.612	57
171.352	54	START noise_suspense_1.wav
172.466	56
173.576	54
174.31	59
175.42	55	END noise_suspense_1.wav
177.647	58
178.387	55
179.502	58
180.601	54
181.341	59	START dog_barking_3.wav
182.45	60	END dog_barking_3.wav
183.567	58
184.307	64
185.422	56
186.521	58	START panic_scare.wav
187.636	58
188.37	58
189.48	66
190.589	67
191.339	68
192.449	62	END panic_scare.wav
194.886	57
194.886	58
195.402	56
196.519	60	START dog_growling_1.wav	END dog_growling_1.wav
201.32	60
202.435	64
203.55	69