
0.172	95	START intro.wav
1.292	98
2.026	97
3.135	94
4.245	78
6.104	73
7.214	73
7.948	77
9.058	79
10.167	69
11.276	66
14.98	66
16.089	70
17.199	66
17.933	60
19.042	60
20.152	65
21.261	68
22.011	66
23.121	66
24.23	65
24.965	70
26.074	86
27.183	70
27.933	65
29.043	66
30.152	66
31.262	62
31.996	65
33.106	68
34.215	64
37.918	66
39.028	66
40.137	66	END intro.wav	START noise_panicscare.wav
41.242	68
41.992	61
43.102	64
44.211	64
44.945	66
46.055	68	END noise_panicscare.wav
47.164	68
47.907	67
49.022	68
50.122	69
51.238	65	START dog_growling_1.wav
51.978	64
53.087	66	END dog_growling_1.wav
54.197	65
54.94	63
57.155	64	START noise_drone_mid.wav
60.122	65
61.232	67
61.966	64
63.075	61
64.185	63
68.998	63
70.107	63
71.216	61
71.951	61
73.06	66
74.17	67
74.92	63
76.029	62
77.139	65
78.248	65
78.982	65
80.092	62
81.201	63	END noise_drone_mid.wav
81.944	64
83.059	63
86.013	65
87.128	70	START shotgun.wav
88.978	60	END shotgun.wav
90.08	63
91.195	64
91.935	64
93.05	63	START manticore.wav
94.149	66
94.899	68
96.009	72
97.118	65
98.227	57
98.962	58
100.071	62
101.181	67
101.931	64	END manticore.wav
103.032	64
104.141	66
104.881	66	START creature_growling.wav
105.991	65
107.1	60
108.21	60
108.96	63
110.069	65
111.179	69
111.913	69
113.022	65
114.132	69
117.101	74
118.21	67
118.945	64	END creature_growling.wav
121.161	63
121.901	62
123.012	66	START dog_barking_1.wav
124.128	69
124.862	69	END dog_barking_1.wav
125.979	65
127.079	63
128.195	59
128.935	55	START dog_in_destance.wav
130.05	57	END dog_in_destance.wav
131.159	63
133.001	66
134.117	68	START dog_barking_2.wav
134.858	73
135.967	70	END dog_barking_2.wav
137.077	59
138.178	61
138.918	64
140.033	61
141.148	61
141.888	64	START dog_barking_3.wav
142.988	68	END dog_barking_3.wav
144.097	72
145.949	65
147.064	66
148.179	64
148.919	67	START noise_girl_long.wav
150.028	72
151.138	70
151.872	64
152.981	67
154.091	72
155.2	65
158.169	64
158.904	61
160.013	60
161.122	63
161.857	61
165.935	60
167.045	60
168.154	62
168.888	62
169.998	64
171.107	61
171.857	61
172.967	62
174.076	62
175.186	65
175.92	69
177.029	75
178.139	78
179.998	64
181.108	71
181.842	66
182.952	63
184.061	66
185.17	73	END noise_girl_long.wav
188.132	64
188.872	66
189.987	62	START effect_crows_slowed.wav
191.086	64
191.836	66
192.945	71
194.055	72
195.164	67
195.899	63
197.008	65
198.118	70
198.868	72
199.977	65
201.086	64
201.821	66
202.93	67
204.04	64
205.149	60	END effect_crows_slowed.wav
207.001	65
208.116	68
208.855	69	START crows.wav
211.814	73	END crows.wav
212.915	66
214.03	68
215.145	67
215.885	66	START dogs_stretched_howl.wav
216.995	64
218.104	66
220.385	69
220.385	70
221.057	70
222.917	76	END dogs_stretched_howl.wav
224.026	68
225.128	64
225.867	63
226.982	64