
0.11	69	START intro.wav
1.221	65
2.325	68
4.184	66
5.293	65
6.403	76
7.137	82
8.247	68
9.356	62
10.106	57
11.216	57
12.325	61
13.435	69
14.169	72
15.278	67
16.388	66
20.091	64
21.201	60
22.31	62
23.419	62
24.154	67
27.123	65
28.232	61
29.342	75
30.076	66
31.185	72
32.295	71
33.404	66
34.154	61
35.264	57
36.373	62
37.108	70
38.217	70
39.326	63	END intro.wav	START dog_growling_1.wav
42.295	76
43.404	73	END dog_growling_1.wav
45.247	55
46.362	67
47.103	82	START noise_girl_long.wav
49.316	78
51.175	59
52.285	61
53.394	69
54.128	70
55.238	64
56.347	60
61.16	70
62.269	55
63.379	56
64.113	56
65.223	61
67.082	64
68.192	64
69.301	65
70.41	63
71.145	67
72.254	76
73.364	72
74.114	61
75.223	62
76.333	65
77.067	68
78.176	71
79.286	81
80.395	85
83.364	71
84.099	59
85.208	60
86.318	65	END noise_girl_long.wav
88.166	65
89.281	64	START noise_girl_mid.wav
91.13	63
92.24	73
93.349	75
94.084	71
95.193	61
96.302	60
97.052	60
98.162	62
99.271	66
100.381	76
101.115	81
102.225	73
103.334	59
105.193	61
106.303	63
107.037	73
108.147	80	END noise_girl_mid.wav
109.256	80
112.215	63
113.33	64
114.07	76	START dogs_stretched_howl.wav
117.028	77
118.138	59
119.247	58
120.357	62
121.091	72
122.2	80	END dogs_stretched_howl.wav
123.318	82
124.057	71
125.173	61	START noise_baaly_mid.wav
126.272	60
127.022	63
128.132	64
129.241	68
130.35	79
131.085	81
132.194	73
133.304	60
136.273	63
137.007	78
138.116	80
139.226	71
140.335	62
141.07	62	END noise_baaly_mid.wav
143.296	64
144.036	67
145.151	72
146.251	68
147.367	66	START crows.wav
148.109	64
149.219	65	END crows.wav
150.328	63
151.071	69
152.17	70
153.285	66	START noise_suspense_1.wav
154.025	59
155.134	61
156.244	63
157.353	63	END noise_suspense_1.wav
158.095	64
159.21	63
160.309	64
161.049	70
162.164	74	START dog_barking_1.wav
163.282	69
164.016	63	END dog_barking_1.wav
166.234	64
167.349	66
168.089	65	START noise_drone_mid.wav
169.198	65
170.308	67
171.042	70
172.152	76
173.261	78
174.011	75
175.12	62
176.23	62
177.339	61
178.074	63
179.183	65
180.293	69
181.027	69
182.152	69
183.996	74
185.105	61
186.215	66
187.324	75
188.059	77
191.027	69
192.137	64	END noise_drone_mid.wav
193.238	66
193.978	69
195.093	74
196.208	72	START monster_scream.wav
198.057	67
199.166	66
200.276	67
201.01	69
202.119	68
203.229	68
203.979	68	END monster_scream.wav
205.088	66
206.19	73
207.305	78
208.044	74	START creature_growling_1.wav
210.27	63
211.004	63
213.504	66
213.504	72
213.958	79
217.036	79	END creature_growling_1.wav
218.036	65
219.137	67
220.252	69
220.992	67
222.107	66	START manticore.wav
223.21	66
223.96	67
225.069	70
226.178	67
227.288	69
228.022	71
229.132	79
230.241	80	END manticore.wav
232.093	70
233.208	62
235.049	70	START birds_startle_flap.wav
236.167	80
237.276	81
238.011	67
239.12	64
240.229	64	END birds_startle_flap.wav
240.972	64
242.087	67
243.187	79
244.302	80
245.042	79	START noise_panicscare.wav
246.151	72
247.261	65	END noise_panicscare.wav
251.331	70
252.073	68
254.287	78