	START intro.wav
1.542	76
2.651	81
3.386	84
4.495	82
5.605	77
7.464	83
8.573	68
9.683	79
10.417	66
11.527	73
12.636	83
13.386	69
14.496	75
15.605	82
16.714	74
17.449	89
18.558	81
19.668	70
23.371	79
24.48	90
25.59	73
26.699	78
27.434	89
30.403	79
31.512	73
32.621	77
34.465	82
35.575	78
36.684	92
37.434	74
38.544	88
39.653	73
40.388	79	END intro.wav	START noise_girl_mid.wav
41.504	88
42.613	71
43.723	84
44.457	85
45.567	81
46.676	69
49.645	79
50.379	81
51.489	84
52.598	77
53.708	89
57.411	81
58.52	74	END noise_girl_mid.wav
59.63	76
60.363	87
61.484	80
62.586	68	START dog_barking_2.wav
63.704	90
64.438	81
65.548	71	END dog_barking_2.wav
66.656	87
67.398	80
69.616	71	START dog_in_destance.wav
70.36	90	END dog_in_destance.wav
71.469	75
72.577	69
73.694	75	START noise_drone_mid.wav
76.643	79
78.69	66
78.69	85
79.612	79
80.346	69
81.456	75
82.565	79
83.675	75
85.534	79
86.644	77
87.378	67
88.487	89
89.597	74
94.41	80
95.519	68
96.628	74
97.363	88
98.472	2
99.582	75	END noise_drone_mid.wav
100.33	81
101.431	2
102.547	76
103.663	84
104.389	84	START noise_girl_long.wav
105.498	84
106.623	79
107.358	69
108.467	74
109.577	73
110.311	72
114.389	79
115.499	67
116.608	73
117.343	73
118.452	76
119.562	71
120.671	72
121.421	86
122.53	68
123.64	71
124.374	75
125.484	74
126.593	74
128.453	77
129.562	66
130.671	74
131.406	72
132.515	88
133.625	70
137.328	77
138.437	78
139.547	75
140.656	90
141.391	74
142.5	74	END noise_girl_long.wav
143.618	79
144.352	87
145.469	75
147.375	87
147.375	83	START creature_growling_1.wav
148.421	73
149.531	88
150.64	79
151.39	78
152.499	72
153.609	78
154.343	82
155.453	68
156.562	73	END creature_growling_1.wav
157.31	76
158.411	78
159.527	86
160.639	66
161.381	89	START noise_panicscare.wav
162.49	79
163.599	66
164.334	76
165.443	77
166.553	76	END noise_panicscare.wav
169.517	77
171.359	81	START shotgun.wav
172.477	72	END shotgun.wav
173.587	74
174.319	74
175.436	76
177.279	78	START noise_baaly_mid.wav
181.357	75
182.467	76
183.576	87
184.31	72
185.42	75
186.529	88
187.279	71
188.389	76
189.498	89
190.608	74
191.342	90
192.451	75	END noise_baaly_mid.wav
193.561	78
194.309	75
195.41	90
196.526	72
197.268	74	START manticore.wav
198.378	78
199.487	78
200.597	74
201.331	76
202.44	88
203.55	69
204.3	81
205.409	69	END manticore.wav
206.516	75
207.624	82
208.366	68	START panic_scare.wav
210.583	75
211.318	78
214.287	74
215.396	73
216.506	73
217.615	88	END panic_scare.wav
218.352	71
219.468	77
220.569	78
221.31	85
222.421	69
223.537	71	START creature_growling.wav
224.271	76
225.381	75
226.49	75
227.6	72
229.459	76
230.569	75
231.303	78
232.412	66
233.522	72
234.256	1
235.366	1
236.475	1
237.585	1	END creature_growling.wav
238.335	76
239.441	70
240.558	72	START dog_growling_1.wav
242.399	75
243.508	74	END dog_growling_1.wav
244.256	86
245.356	66
246.472	72
247.588	74	START monster_scream.wav
248.319	72
249.428	71
250.537	75
251.287	85
252.397	69
253.506	76
254.241	86
255.35	66	END monster_scream.wav
256.46	74
257.567	76
258.308	89
259.425	75