	START intro.wav
0.435	85
1.545	41
2.654	42
3.388	73
4.498	75
5.607	71
10.42	72
11.529	66
12.639	65
13.373	64
14.483	65
15.592	65
16.342	66
17.452	66
18.561	64
19.67	64
20.405	62
21.514	63
22.624	62
23.374	64
24.483	65
25.593	64
27.436	65
28.546	76
29.655	84
32.624	66
33.359	70
34.468	74
35.577	72
36.687	80
40.39	73	END intro.wav	START dogs_stretched_howl.wav
41.495	68
42.604	67
43.354	66
44.463	64
45.573	63
46.682	62
47.417	64	END dogs_stretched_howl.wav
48.526	62
49.644	63
50.738	62
51.488	66	START noise_drone_mid.wav
53.339	65
54.448	66
55.558	65
56.667	63
57.402	60
58.511	64
60.37	66
61.48	67
62.589	68
63.324	66
64.433	65
65.543	66
66.652	64
67.402	65
68.511	66
69.621	71
70.355	69
71.465	70
72.574	66
75.543	67	END noise_drone_mid.wav
76.652	69
78.494	67
79.609	67	START panic_scare.wav
80.351	65
81.461	65
82.57	68
83.304	63
84.414	64
85.523	64
86.633	62
87.383	64	END panic_scare.wav
88.484	63
89.601	65
90.341	65
91.44	69	START noise_baaly_mid.wav
92.558	71
93.292	71
94.402	70
95.511	70
96.621	69
97.371	69
98.48	68
99.59	66
100.324	66
101.434	68
102.543	68
105.512	71
106.621	75
107.356	74	END noise_baaly_mid.wav
109.572	69
110.322	71
111.421	68	START dog_growling_1.wav
112.536	65	END dog_growling_1.wav
114.38	70
115.497	72
118.451	76
119.568	71
120.308	70	START dog_in_destance.wav
121.418	69	END dog_in_destance.wav
122.521	70
124.88	68
124.88	67
125.487	66	START dog_barking_3.wav
128.451	65	END dog_barking_3.wav
129.553	68
130.293	74
131.407	71	START effect_crows_slowed.wav
134.367	66
135.476	64
136.586	65
137.32	68
138.429	71
140.289	66
141.398	68
142.508	70
143.617	66
144.352	68
145.461	67
146.57	68	END effect_crows_slowed.wav
147.321	67
148.422	69
149.537	70
150.277	69	START dog_barking_1.wav
152.492	72	END dog_barking_1.wav
153.601	69
154.344	66
155.459	66
156.558	65
157.298	66
158.413	69	START noise_girl_long.wav
159.522	71
164.335	73
165.445	66
166.554	66
167.288	67
168.398	71
170.257	70
171.367	69
172.476	68
173.586	65
174.32	66
175.429	68
176.539	66
177.289	64
178.398	66
179.508	69
180.242	70
181.352	71
182.461	69
183.57	67
186.539	66
187.274	65
188.383	68
189.493	69
190.227	68
191.336	70
194.305	70
195.415	70
196.524	71	END noise_girl_long.wav
197.267	79
198.366	1
199.481	71
200.226	64
201.326	64
202.441	71	START manticore.wav
203.558	71
204.292	73
205.402	71
206.511	70
207.246	70
210.589	70	END manticore.wav
211.324	67
212.426	70
214.276	70	START noise_girl_mid.wav
215.394	69
216.504	71
217.238	69
218.348	70
219.457	70
220.567	72
221.317	69
222.426	71
223.535	70
224.27	69
225.379	66
226.489	67
229.458	68
230.567	71
231.301	71
232.411	70	END noise_girl_mid.wav
233.52	70
234.263	68
235.378	67
236.477	68
237.217	67
238.332	66	START noise_suspense_1.wav
241.292	67
242.402	65	END noise_suspense_1.wav
244.245	65
245.36	64
246.475	64
247.215	66	START creature_growling_1.wav
251.283	65
252.392	68
253.502	68
254.236	67
255.346	71
256.455	79
257.205	73	END creature_growling_1.wav
258.315	66
259.416	74
260.531	65
261.271	59