	START intro.wav
0.422	59
1.543	57
2.652	59
3.387	56
4.496	59
5.606	59
10.418	55
11.528	50
12.637	55
13.372	58
14.481	58
16.34	56
17.45	54
18.559	54
19.669	53
20.403	53
21.513	59
22.622	57
23.372	61
24.482	55
25.591	52
26.325	54
27.435	51
28.544	54
29.654	56
32.622	57
33.357	51
34.466	54
35.576	53
36.31	58
40.388	58	END intro.wav	START dog_barking_3.wav
41.501	57	END dog_barking_3.wav
42.61	55
43.343	45
44.461	45
45.562	48
46.306	49	START noise_panicscare.wav
48.532	54
49.642	59
50.376	58
51.485	58
52.595	57	END noise_panicscare.wav
54.438	55
55.555	55
56.297	57	START monster_scream.wav
60.367	57
61.476	54
62.586	55
63.32	54
64.429	59	END monster_scream.wav
66.289	55
67.397	57
69.621	58	START effect_crows_slowed.wav
70.355	60
71.465	56
72.574	57
76.277	58
77.387	59
78.496	60
79.606	60
80.34	69
81.449	69
82.559	52
83.309	56
84.418	60	END effect_crows_slowed.wav
85.528	59
86.651	59
87.376	58
88.477	58
89.593	58
90.335	58	START noise_suspense_1.wav
91.438	58
92.547	58
93.297	61
94.406	57	END noise_suspense_1.wav
95.514	54
96.63	54
97.358	54
98.474	52
99.59	53	START panic_scare.wav
101.44	56
102.55	59
103.284	61
104.394	54
105.503	53
106.612	57	END panic_scare.wav
109.579	57
111.421	57	START dog_growling_1.wav
112.539	57
113.274	56	END dog_growling_1.wav
114.383	59
115.49	59
116.606	55
117.347	58
118.458	59	START creature_growling.wav
120.305	56
121.415	57
122.524	56
123.258	57
124.368	56
125.477	57
127.337	55
128.446	58
129.556	57
130.29	55
131.399	56
132.509	55	END creature_growling.wav
133.259	55
134.366	55
136.583	57
137.324	59	START noise_girl_mid.wav
140.284	58
141.393	56
142.503	57
143.237	60
144.347	62
147.315	60
148.425	69
149.534	78
150.269	78
151.378	68
152.488	63
153.238	64
154.347	63
155.457	64	END noise_girl_mid.wav
156.566	63
157.298	60
158.415	60	START shotgun.wav
160.266	57
161.376	60	END shotgun.wav
162.483	60	START crows.wav
167.294	63	END crows.wav
168.404	57
170.246	61
171.362	63	START dogs_stretched_howl.wav
173.579	63
177.283	59
178.392	58
179.501	60
180.236	53	END dogs_stretched_howl.wav
181.344	56
182.46	53
183.58	56
184.305	52
185.422	52	START noise_baaly_mid.wav
187.275	54
188.384	54
189.493	53
190.228	55
191.337	60
192.447	57
193.556	53
194.306	54
195.416	55
196.525	56
197.259	56
198.369	56
199.478	56	END noise_baaly_mid.wav
203.552	57
204.293	59
206.51	64	START dog_in_destance.wav
207.244	56	END dog_in_destance.wav
208.351	61
209.467	55
210.211	61