	START intro.wav
0.81	74
1.544	75
2.654	77
3.763	67
4.873	71
8.576	66
9.685	61
10.795	58
11.529	66
12.639	70
13.748	68
14.858	64
15.608	58
16.717	58
17.826	66
18.561	61
19.67	59
20.78	60
21.53	3
22.639	60
23.749	66
24.858	71
25.592	65
26.702	72
27.811	67
28.546	67
29.655	1
30.78	1
31.874	1
32.624	63
33.733	62
34.843	60
35.577	65
36.687	63
38.546	61
39.656	64
40.765	60	END intro.wav	START creature_growling.wav
41.866	60
42.616	60
43.725	58
44.835	59
45.569	63
46.679	60
47.788	57
48.538	67
49.647	59
50.757	58
51.866	64
52.601	59
53.71	58
54.82	66	END creature_growling.wav
56.678	62
57.779	64
58.521	57	START panic_scare.wav
59.631	58
60.74	65
61.849	64
65.553	70	END panic_scare.wav
66.662	68
67.77	62
68.512	69
70.729	59
71.848	63	START dog_barking_3.wav	END dog_barking_3.wav
74.807	64
76.649	61	START noise_panicscare.wav
77.765	61
78.499	63
79.609	61
80.718	61
81.828	65	END noise_panicscare.wav
83.687	61
84.794	59
85.535	61
86.636	60
87.752	59	START dog_in_destance.wav
88.495	62	END dog_in_destance.wav
89.604	60
90.711	64
92.945	60
92.945	65	START dogs_stretched_howl.wav
93.664	65
94.774	65
95.524	61
96.633	58
97.742	59
98.477	62
99.586	59	END dogs_stretched_howl.wav
100.696	62
101.809	61
102.549	63
103.666	59
104.767	64	START effect_crows_slowed.wav
105.508	60
106.618	60
107.727	63
110.696	66
111.806	82
112.54	72
113.649	59
114.759	55
119.572	64	END effect_crows_slowed.wav
120.681	70
121.804	66
122.535	69
123.635	64	START noise_girl_mid.wav
124.744	67
125.495	63
126.604	67
127.713	65
128.823	66
129.557	73
130.667	67
131.776	68
133.636	71
134.745	69
135.479	72
136.589	69
137.698	66
138.808	71	END noise_girl_mid.wav
142.511	68
143.618	65
144.734	68
146.578	65
147.695	63	START creature_growling_1.wav
148.795	69
150.655	64
151.764	67
152.499	60
153.608	65
154.717	58	END creature_growling_1.wav
158.794	63
159.535	65
160.636	72	START dog_barking_2.wav
161.754	63
162.488	62	END dog_barking_2.wav
163.598	61
164.705	62
165.447	65
166.563	64
167.664	66	START birds_startle_flap.wav
168.782	70
170.673	68
170.673	70
171.735	65	END birds_startle_flap.wav
174.702	64
175.443	64	START dog_barking_1.wav
176.543	61
177.653	66	END dog_barking_1.wav
178.76	63
180.617	65
181.733	64	START monster_scream.wav
182.468	71
183.577	64
184.686	65
189.499	74	END monster_scream.wav
190.607	76
191.723	74
192.457	63
193.573	62
194.674	68	START manticore.wav
196.524	67
197.634	68
198.743	63
199.493	67
200.602	61
201.712	62
202.446	68	END manticore.wav
203.556	63
204.666	61
205.782	67
206.523	64
207.624	65